0.036711
0.048944
0.062729
0.078102
0.095088
0.113697
0.133927
0.155764
0.179178
0.204125
0.230544
0.258364
0.287496
0.317839
0.349275
0.381677
0.414904
0.448802
0.483209
0.517952
0.552852
0.587721
0.622367
0.656595
0.690206
0.723004
0.754789
0.785370
0.814555
0.842163
0.868017
0.891952
0.913812
0.933456
0.950753
0.965589
0.977865
0.987500
0.994429
0.998605
1.000000
0.998605
0.994429
0.987500
0.977865
0.965589
0.950753
0.933456
0.913812
0.891952
0.868017
0.842163
0.814555
0.785370
0.754789
0.723004
0.690206
0.656595
0.622367
0.587721
0.552852
0.517952
0.483209
0.448802
0.414904
0.381677
0.349275
0.317839
0.287496
0.258364
0.230544
0.204125
0.179178
0.155764
0.133927
0.113697
0.095088
0.078102
0.062729
0.048944
0.036711
